1;80
2;80
3;40
4;90
5;80
6;80
7;70
8;80
9;60
10;80
11;0
12;80
13;50
14;20
15;90
16;50
17;40
18;60
19;50
20;80
21;70
22;70
23;30
24;60
25;50
26;80
27;30
28;50
29;50
30;30
31;50
32;50
33;80
34;70
35;70
36;90
37;20
38;50
39;890
40;10
41;0
42;90
43;50
44;50
45;70
46;50
47;90
48;70
49;40
50;70
51;50
52;40
53;20
54;10
55;40
56;70
57;90
58;10
59;60
60;30
61;90
62;60
63;10
64;60
65;60
66;70
67;40
68;40
69;40
70;70
71;0
72;70
73;10
74;70
75;20
76;0
77;50
78;70
79;50
80;60
81;20
82;90
83;50
84;80
85;30
86;30
87;60
88;60
89;30
90;50
91;0
92;60
93;70
94;30
95;80
96;60
97;90
98;70
99;30
100;980
101;20
102;50
103;60
104;70
105;60
106;60
107;20
108;10
109;20
110;50
111;50
112;50
113;40
114;60
115;60
116;50
117;60
118;50
119;50
120;10
121;20
122;30
123;60
124;50
125;40
126;40
127;90
128;160
129;50
130;90
131;0
132;70
133;30
134;100
135;0
136;10
137;70
138;50
139;60
140;50
141;0
142;50
143;80
144;110
145;0
146;90
147;10
148;30
149;20
150;60
151;80
152;20
153;10
154;50
155;30
156;60
157;50
158;50
159;60
160;60
161;90
162;20
163;70
164;70
165;50
166;80
167;20
168;80
169;30
170;60
171;40
172;40
173;60
174;60
175;20
176;40
177;70
178;80
179;50
180;50
181;40
182;0
183;940
184;90
185;50
186;50
187;80
188;10
189;50
190;10
191;90
192;90
193;90
194;60
195;30
196;0
197;50
198;40
199;90
200;60
201;80
202;20
203;10
204;70
205;40
206;50
207;80
208;100
209;90
210;30
211;60
212;40
213;40
214;90
215;40
216;70
217;60
218;80
219;70
220;80
221;70
222;30
223;50
224;30
225;50
226;50
227;40
228;40
229;30
230;60
231;60
232;50
233;60
234;80
235;0
236;30
237;40
238;50
239;50
240;10
241;40
242;0
243;40
244;90
245;100
246;80
247;30
248;50
249;100
250;100
251;60
252;80
253;60
254;40
255;50
256;270
257;50
258;40
259;60
260;90
261;80
262;0
263;70
264;70
265;90
266;20
267;50
268;20
269;40
270;90
271;50
272;70
273;50
274;70
275;20
276;100
277;70
278;70
279;70
280;100
281;10
282;90
283;60
284;50
285;40
286;30
287;80
288;90
289;50
290;60
291;100
292;40
293;60
294;20
295;40
296;10
297;60
298;40
299;90
300;50
301;30
302;50
303;60
304;70
305;50
306;80
307;70
308;60
309;30
310;60
311;60
312;60
313;30
314;60
315;70
316;40
317;60
318;60
319;70
320;30
321;60
322;70
323;50
324;90
325;60
326;20
327;80
328;40
329;60
330;80
331;50
332;40
333;70
334;40
335;60
336;40
337;50
338;60
339;50
340;50
341;60
342;70
343;70
344;70
345;20
346;20
347;40
348;40
349;40
350;40
351;70
352;50
353;60
354;30
355;50
356;70
357;40
358;70
359;10
360;20
361;60
362;50
363;50
364;70
365;40
366;50
367;50
368;90
369;50
370;10
371;20
372;100
373;100
374;60
375;40
376;100
377;100
378;90
379;50
380;50
381;100
382;90
383;90
384;100
385;40
386;40
387;110
388;60
389;20
390;40
391;70
392;20
393;10
394;70
395;100
396;10
397;80
398;30
399;50
400;60
401;80
402;50
403;30
404;50
405;40
406;90
407;20
408;50
409;10
410;80
411;10
412;60
413;50
414;60
415;80
416;90
417;50
418;50
419;10
420;80
421;30
422;70
423;80
424;50
425;100
426;40
427;30
428;100
429;90
430;70
431;60
432;30
433;70
434;40
435;20
436;10
437;20
438;40
439;60
440;50
441;30
442;50
443;40
444;40
445;20
446;50
447;40
448;20
449;0
450;50
451;60
452;30
453;50
454;60
455;80
456;20
457;10
458;80
459;30
460;30
461;50
462;50
463;10
464;50
465;100
466;70
467;40
468;50
469;40
470;60
471;80
472;50
473;50
474;60
475;100
476;40
477;40
478;10
479;50
480;40
481;20
482;90
483;110
484;60
485;40
486;10
487;30
488;10
489;50
490;90
491;50
492;50
493;40
494;30
495;60
496;100
497;80
498;980
499;70
500;20
501;30
502;90
503;70
504;60
505;30
506;70
507;60
508;100
509;60
510;90
511;50
512;310
513;0
514;10
515;90
516;20
517;50
518;10
519;60
520;70
521;60
522;20
523;40
524;80
525;50
526;40
527;50
528;20
529;50
530;10
531;100
532;30
533;0
534;80
535;10
536;90
537;90
538;90
539;40
540;70
541;70
542;30
543;10
544;90
545;50
546;50
547;50
548;60
549;60
550;30
551;40
552;50
553;10
554;100
555;50
556;70
557;50
558;0
559;90
560;20
561;40
562;80
563;20
564;100
565;90
566;100
567;80
568;100
569;30
570;80
571;40
572;60
573;50
574;20
575;70
576;40
577;0
578;10
579;70
580;80
581;90
582;70
583;50
584;10
585;100
586;40
587;70
588;60
589;20
590;40
591;70
592;80
593;50
594;90
595;0
596;70
597;30
598;10
599;10
600;80
601;50
602;30
603;50
604;10
605;50
606;40
607;90
608;100
609;30
610;100
611;90
612;50
613;60
614;30
615;20
616;40
617;70
618;10
619;40
620;10
621;100
622;10
623;0
624;100
625;20
626;40
627;100
628;50
629;20
630;20
631;80
632;60
633;10
634;20
635;40
636;90
637;60
638;10
639;40
640;50
641;50
642;80
643;60
644;30
645;60
646;80
647;60
648;60
649;70
650;60
651;50
652;90
653;40
654;50
655;50
656;50
657;40
658;40
659;10
660;40
661;30
662;60
663;60
664;70
665;70
666;40
667;60
668;20
669;60
670;50
671;20
672;70
673;40
674;80
675;60
676;30
677;50
678;10
679;50
680;40
681;40
682;10
683;30
684;10
685;60
686;50
687;60
688;70
689;70
690;50
691;40
692;50
693;60
694;50
695;60
696;40
697;90
698;40
699;10
700;10
701;0
702;40
703;90
704;10
705;20
706;10
707;70
708;20
709;10
710;50
711;70
712;40
713;50
714;60
715;10
716;20
717;90
718;60
719;30
720;10
721;50
722;30
723;50
724;20
725;50
726;50
727;70
728;70
729;20
730;100
731;90
732;50
733;10
734;80
735;50
736;80
737;40
738;100
739;20
740;20
741;40
742;90
743;50
744;70
745;90
746;30
747;50
748;50
749;50
750;50
751;10
752;80
753;60
754;90
755;90
756;30
757;20
758;50
759;70
760;90
761;110
762;0
763;90
764;50
765;40
766;10
767;60
768;50
769;70
770;10
771;70
772;100
773;90
774;30
775;90
776;10
777;70
778;40
779;30
780;90
781;90
782;10
783;10
784;90
785;60
786;50
787;60
788;50
789;30
790;40
791;70
792;70
793;40
794;80
795;40
796;20
797;90
798;20
799;90
800;20
801;80
802;10
803;90
804;70
805;70
806;70
807;60
808;50
809;90
810;60
811;80
812;50
813;30
814;50
815;70
816;10
817;60
818;50
819;50
820;40
821;60
822;50
823;60
824;80
825;40
826;70
827;30
828;50
829;50
830;40
831;60
832;70
833;60
834;60
835;20
836;40
837;60
838;60
839;60
840;20
841;60
842;60
843;60
844;50
845;50
846;90
847;40
848;70
849;90
850;50
851;0
852;30
853;50
854;80
855;50
856;50
857;50
858;40
859;20
860;40
861;50
862;80
863;60
864;20
865;0
866;40
867;80
868;80
869;70
870;50
871;40
872;10
873;50
874;20
875;60
876;50
877;40
878;70
879;40
880;20
881;60
882;70
883;60
884;50
885;40
886;10
887;30
888;40
889;70
890;50
891;40
892;60
893;40
894;20
895;10
896;10
897;10
898;30
899;0
900;100
901;50
902;60
903;100
904;50
905;10
906;0
907;100
908;50
909;30
910;10
911;50
912;100
913;60
914;90
915;10
916;50
917;30
918;60
919;70
920;100
921;40
922;20
923;50
924;80
925;60
926;50
927;80
928;60
929;50
930;0
931;50
932;60
933;70
934;30
935;0
936;100
937;60
938;100
939;40
940;50
941;80
942;50
943;1390
944;80
945;70
946;40
947;70
948;70
949;50
950;60
951;80
952;70
953;40
954;90
955;40
956;90
957;0
958;50
959;60
960;40
961;50
962;20
963;100
964;60
965;40
966;90
967;90
968;20
969;60
970;90
971;20
972;40
973;40
974;0
975;90
976;50
977;50
978;50
979;60
980;0
981;10
982;30
983;100
984;60
985;80
986;0
987;10
988;100
989;90
990;100
991;20
992;50
993;0
994;90
995;40
996;30
997;60
998;30
999;60
1000;60
1001;100
1002;60
1003;70
1004;90
1005;50
1006;70
1007;60
1008;40
1009;30
1010;30
1011;50
1012;80
1013;90
1014;40
1015;70
1016;70
1017;70
1018;50
1019;80
1020;50
1021;60
1022;50
1023;30
1024;1210
1025;90
1026;70
1027;60
1028;80
1029;70
1030;90
1031;50
1032;40
1033;50
1034;10
1035;50
1036;60
1037;70
1038;10
1039;20
1040;40
1041;80
1042;60
1043;70
1044;80
1045;30
1046;40
1047;50
1048;80
1049;10
1050;40
1051;40
1052;90
1053;60
1054;50
1055;80
1056;50
1057;0
1058;90
1059;40
1060;10
1061;100
1062;90
1063;80
1064;90
1065;90
1066;60
1067;80
1068;70
1069;10
1070;60
1071;70
1072;40
1073;30
1074;40
1075;80
1076;10
1077;30
1078;70
1079;20
1080;40
1081;80
1082;50
1083;30
1084;60
1085;0
1086;90
1087;20
1088;40
1089;90
1090;70
1091;20
1092;0
1093;60
1094;20
1095;30
1096;30
1097;10
1098;60
1099;80
1100;50
1101;70
1102;80
1103;20
1104;0
1105;90
1106;50
1107;40
1108;70
1109;40
1110;90
1111;90
1112;90
1113;60
1114;90
1115;50
1116;90
1117;80
1118;20
1119;40
1120;60
1121;0
1122;20
1123;50
1124;60
1125;50
1126;60
1127;60
1128;20
1129;10
1130;40
1131;10
1132;80
1133;20
1134;60
1135;60
1136;50
1137;70
1138;60
1139;30
1140;20
1141;60
1142;10
1143;40
1144;60
1145;20
1146;30
1147;60
1148;40
1149;10
1150;20
1151;30
1152;10
1153;70
1154;50
1155;50
1156;20
1157;10
1158;90
1159;100
1160;30
1161;60
1162;10
1163;90
1164;90
1165;60
1166;90
1167;70
1168;40
1169;50
1170;50
1171;10
1172;80
1173;40
1174;90
1175;30
1176;60
1177;50
1178;50
1179;100
1180;40
1181;10
1182;60
1183;60
1184;90
1185;80
1186;10
1187;40
1188;50
1189;50
1190;50
1191;70
1192;10
1193;100
1194;30
1195;30
1196;0
1197;60
1198;10
1199;40
1200;10
1201;30
1202;80
1203;100
1204;30
1205;40
1206;70
1207;100
1208;40
1209;50
1210;50
1211;40
1212;90
1213;0
1214;60
1215;90
1216;70
1217;90
1218;30
1219;30
1220;10
1221;20
1222;60
1223;70
1224;90
1225;70
1226;20
1227;30
1228;50
1229;100
1230;80
1231;40
1232;40
1233;40
1234;60
1235;40
1236;10
1237;110
1238;80
1239;10
1240;80
1241;50
1242;10
1243;100
1244;40
1245;50
1246;0
1247;70
1248;80
1249;20
1250;90
1251;90
1252;50
1253;80
1254;30
1255;40
1256;20
1257;100
1258;10
1259;10
1260;60
1261;60
1262;50
1263;80
1264;10
1265;40
1266;0
1267;80
1268;90
1269;60
1270;10
1271;100
1272;10
1273;50
1274;0
1275;100
1276;40
1277;80
1278;20
1279;100
1280;50
1281;60
1282;20
1283;40
1284;70
1285;50
1286;100
1287;70
1288;90
1289;110
1290;20
1291;50
1292;20
1293;80
1294;20
1295;10
1296;110
1297;50
1298;10
1299;20
1300;60
1301;80
1302;10
1303;0
1304;30
1305;60
1306;30
1307;80
1308;50
1309;80
1310;80
1311;60
1312;40
1313;10
1314;100
1315;30
1316;30
1317;50
1318;20
1319;80
1320;100
1321;100
1322;20
1323;80
1324;30
1325;90
1326;60
1327;90
1328;20
1329;100
1330;70
1331;50
1332;30
1333;70
1334;40
1335;70
1336;100
1337;70
1338;70
1339;100
1340;70
1341;0
1342;90
1343;40
1344;20
1345;70
1346;90
1347;90
1348;80
1349;90
1350;50
1351;0
1352;40
1353;40
1354;60
1355;30
1356;30
1357;70
1358;50
1359;30
1360;60
1361;50
1362;80
1363;10
1364;10
1365;70
1366;0
1367;0
1368;0
1369;60
1370;70
1371;70
1372;0
1373;60
1374;100
1375;90
1376;10
1377;50
1378;70
1379;80
1380;90
1381;10
1382;0
1383;50
1384;50
1385;100
1386;70
1387;10
1388;50
1389;60
1390;30
1391;40
1392;70
1393;30
1394;30
1395;50
1396;50
1397;80
1398;20
1399;90
1400;90
1401;50
1402;60
1403;10
1404;60
1405;60
1406;30
1407;40
1408;10
1409;90
1410;80
1411;60
1412;60
1413;10
1414;100
1415;90
1416;60
1417;90
1418;10
1419;90
1420;10
1421;60
1422;20
1423;70
1424;50
1425;70
1426;50
1427;70
1428;100
1429;80
1430;60
1431;10
1432;40
1433;0
1434;70
1435;100
1436;20
1437;80
1438;30
1439;70
1440;10
1441;60
1442;40
1443;40
1444;50
1445;70
1446;10
1447;70
1448;80
1449;60
1450;10
1451;100
1452;40
1453;40
1454;30
1455;40
1456;80
1457;60
1458;20
1459;10
1460;20
1461;90
1462;100
1463;50
1464;60
1465;40
1466;40
1467;60
1468;100
1469;20
1470;20
1471;50
1472;50
1473;60
1474;40
1475;40
1476;60
1477;50
1478;50
1479;60
1480;40
1481;60
1482;60
1483;50
1484;50
1485;40
1486;20
1487;80
1488;60
1489;30
1490;30
1491;50
1492;40
1493;90
1494;40
1495;60
1496;40
1497;70
1498;60
1499;50
1500;40
1501;50
1502;70
1503;60
1504;70
1505;30
1506;60
1507;30
1508;50
1509;60
1510;30
1511;70
1512;40
1513;50
1514;50
1515;50
1516;60
1517;50
1518;70
1519;70
1520;40
1521;70
1522;60
1523;50
1524;60
1525;40
1526;40
1527;70
1528;50
1529;60
1530;70
1531;30
1532;40
1533;80
1534;60
1535;10
1536;30
1537;70
1538;40
1539;40
1540;60
1541;80
1542;80
1543;50
1544;50
1545;100
1546;40
1547;60
1548;20
1549;90
1550;40
1551;50
1552;20
1553;70
1554;80
1555;0
1556;20
1557;60
1558;30
1559;40
1560;40
1561;40
1562;30
1563;90
1564;90
1565;100
1566;60
1567;40
1568;50
1569;70
1570;60
1571;50
1572;70
1573;0
1574;90
1575;60
1576;60
1577;60
1578;40
1579;40
1580;60
1581;20
1582;20
1583;20
1584;50
1585;60
1586;20
1587;50
1588;60
1589;20
1590;60
1591;100
1592;20
1593;100
1594;10
1595;70
1596;60
1597;80
1598;60
1599;0
1600;0
1601;100
1602;80
1603;60
1604;90
1605;60
1606;30
1607;30
1608;60
1609;60
1610;80
1611;40
1612;90
1613;100
1614;50
1615;0
1616;50
1617;60
1618;100
1619;40
1620;60
1621;30
1622;100
1623;0
1624;40
1625;80
1626;70
1627;50
1628;50
1629;70
1630;70
1631;40
1632;40
1633;60
1634;50
1635;60
1636;100
1637;0
1638;50
1639;40
1640;30
1641;20
1642;100
1643;0
1644;50
1645;20
1646;100
1647;90
1648;60
1649;80
1650;50
1651;20
1652;60
1653;100
1654;40
1655;40
1656;60
1657;10
1658;60
1659;60
1660;10
1661;50
1662;60
1663;30
1664;10
1665;10
1666;80
1667;10
1668;80
1669;20
1670;10
1671;20
1672;30
1673;40
1674;40
1675;90
1676;90
1677;40
1678;40
1679;100
1680;70
1681;80
1682;40
1683;80
1684;30
1685;60
1686;0
1687;40
1688;90
1689;10
1690;20
1691;90
1692;60
1693;60
1694;90
1695;20
1696;40
1697;60
1698;40
1699;80
1700;100
1701;30
1702;90
1703;60
1704;70
1705;100
1706;10
1707;60
1708;60
1709;0
1710;20
1711;70
1712;10
1713;30
1714;30
1715;60
1716;80
1717;90
1718;60
1719;40
1720;40
1721;20
1722;60
1723;60
1724;30
1725;70
1726;20
1727;80
1728;40
1729;50
1730;60
1731;0
1732;50
1733;10
1734;60
1735;60
1736;60
1737;50
1738;80
1739;50
1740;50
1741;40
1742;90
1743;80
1744;70
1745;60
1746;60
1747;10
1748;20
1749;50
1750;90
1751;70
1752;20
1753;50
1754;30
1755;40
1756;50
1757;30
1758;60
1759;50
1760;40
1761;70
1762;20
1763;40
1764;60
1765;60
1766;30
1767;50
1768;70
1769;70
1770;50
1771;60
1772;50
1773;50
1774;20
1775;90
1776;80
1777;50
1778;50
1779;10
1780;50
1781;40
1782;70
1783;80
1784;50
1785;60
1786;70
1787;10
1788;40
1789;80
1790;40
1791;70
1792;20
1793;50
1794;60
1795;80
1796;30
1797;50
1798;60
1799;30
1800;40
1801;10
1802;30
1803;40
1804;80
1805;100
1806;80
1807;60
1808;50
1809;70
1810;80
1811;50
1812;60
1813;70
1814;30
1815;40
1816;50
1817;90
1818;30
1819;10
1820;20
1821;40
1822;40
1823;50
1824;40
1825;50
1826;50
1827;40
1828;80
1829;70
1830;20
1831;50
1832;70
1833;30
1834;70
1835;30
1836;100
1837;100
1838;70
1839;20
1840;90
1841;70
1842;40
1843;90
1844;100
1845;50
1846;90
1847;60
1848;90
1849;30
1850;10
1851;30
1852;50
1853;70
1854;20
1855;70
1856;50
1857;80
1858;30
1859;50
1860;60
1861;50
1862;40
1863;110
1864;40
1865;50
1866;20
1867;70
1868;50
1869;70
1870;10
1871;0
1872;20
1873;30
1874;70
1875;90
1876;50
1877;70
1878;10
1879;90
1880;40
1881;60
1882;60
1883;80
1884;40
1885;40
1886;0
1887;60
1888;50
1889;60
1890;60
1891;20
1892;50
1893;70
1894;70
1895;20
1896;50
1897;60
1898;70
1899;0
1900;60
1901;50
1902;100
1903;80
1904;90
1905;80
1906;70
1907;50
1908;100
1909;0
1910;50
1911;80
1912;50
1913;50
1914;60
1915;90
1916;90
1917;60
1918;30
1919;50
1920;40
1921;50
1922;60
1923;60
1924;100
1925;60
1926;50
1927;50
1928;30
1929;70
1930;90
1931;100
1932;10
1933;40
1934;0
1935;110
1936;90
1937;40
1938;50
1939;80
1940;40
1941;80
1942;0
1943;50
1944;60
1945;100
1946;40
1947;100
1948;10
1949;100
1950;1020
1951;20
1952;60
1953;40
1954;0
1955;40
1956;50
1957;60
1958;50
1959;90
1960;70
1961;60
1962;20
1963;0
1964;80
1965;40
1966;40
1967;40
1968;80
1969;50
1970;70
1971;50
1972;30
1973;60
1974;10
1975;100
1976;70
1977;80
1978;60
1979;0
1980;20
1981;20
1982;100
1983;80
1984;60
1985;20
1986;70
1987;80
1988;40
1989;60
1990;0
1991;40
1992;60
1993;90
1994;60
1995;40
1996;10
1997;50
1998;80
1999;60
2000;90
2001;80
2002;0
2003;100
2004;50
2005;10
2006;40
2007;70
2008;80
2009;50
2010;80
2011;100
2012;80
2013;50
2014;20
2015;10
2016;60
2017;90
2018;80
2019;60
2020;10
2021;30
2022;100
2023;70
2024;100
2025;60
2026;30
2027;50
2028;50
2029;20
2030;90
2031;30
2032;10
2033;60
2034;30
2035;40
2036;10
2037;40
2038;30
2039;90
2040;90
2041;80
2042;90
2043;50
2044;10
2045;20
2046;60
2047;40
2048;1160
2049;40
2050;70
2051;70
2052;70
2053;50
2054;20
2055;80
2056;50
2057;40
2058;30
2059;40
2060;70
2061;70
2062;50
2063;50
2064;10
2065;60
2066;50
2067;100
2068;40
2069;70
2070;70
2071;40
2072;60
2073;70
2074;50
2075;70
2076;40
2077;60
2078;70
2079;60
2080;90
2081;60
2082;0
2083;30
2084;60
2085;50
2086;60
2087;60
2088;20
2089;40
2090;50
2091;70
2092;60
2093;30
2094;80
2095;100
2096;50
2097;20
2098;80
2099;20
2100;10
2101;60
2102;50
2103;40
2104;50
2105;60
2106;50
2107;90
2108;20
2109;30
2110;30
2111;70
2112;0
2113;80
2114;50
2115;70
2116;20
2117;50
2118;40
2119;0
2120;60
2121;80
2122;90
2123;30
2124;20
2125;60
2126;30
2127;70
2128;70
2129;60
2130;20
2131;40
2132;50
2133;50
2134;20
2135;40
2136;10
2137;50
2138;90
2139;110
2140;100
2141;20
2142;90
2143;70
2144;20
2145;0
2146;70
2147;30
2148;50
2149;90
2150;60
2151;20
2152;50
2153;50
2154;70
2155;50
2156;10
2157;60
2158;60
2159;90
2160;50
2161;80
2162;50
2163;20
2164;100
2165;50
2166;10
2167;20
2168;30
2169;0
2170;60
2171;10
2172;20
2173;40
2174;60
2175;30
2176;40
2177;50
2178;0
2179;50
2180;50
2181;60
2182;100
2183;60
2184;70
2185;80
2186;40
2187;60
2188;80
2189;100
2190;10
2191;60
2192;50
2193;100
2194;60
2195;70
2196;50
2197;30
2198;60
2199;100
2200;90
2201;10
2202;60
2203;10
2204;70
2205;80
2206;40
2207;80
2208;10
2209;60
2210;40
2211;60
2212;80
2213;20
2214;90
2215;10
2216;10
2217;0
2218;30
2219;10
2220;10
2221;50
2222;40
2223;0
2224;0
2225;20
2226;50
2227;40
2228;10
2229;30
2230;20
2231;40
2232;0
2233;0
2234;50
2235;90
2236;20
2237;10
2238;60
2239;100
2240;70
2241;60
2242;70
2243;40
2244;60
2245;40
2246;90
2247;90
2248;60
2249;100
2250;60
2251;60
2252;90
2253;30
2254;40
2255;50
2256;0
2257;40
2258;90
2259;100
2260;30
2261;70
2262;40
2263;30
2264;10
2265;10
2266;70
2267;80
2268;60
2269;50
2270;60
2271;60
2272;50
2273;50
2274;50
2275;50
2276;80
2277;40
2278;60
2279;60
2280;30
2281;90
2282;30
2283;30
2284;70
2285;90
2286;50
2287;70
2288;20
2289;90
2290;50
2291;40
2292;100
2293;70
2294;30
2295;10
2296;20
2297;100
2298;70
2299;40
2300;100
2301;50
2302;60
2303;40
2304;70
2305;0
2306;50
2307;0
2308;60
2309;100
2310;80
2311;100
2312;60
2313;80
2314;50
2315;10
2316;40
2317;10
2318;40
2319;40
2320;60
2321;70
2322;90
2323;40
2324;90
2325;30
2326;20
2327;30
2328;50
2329;80
2330;10
2331;50
2332;90
2333;30
2334;20
2335;60
2336;60
2337;50
2338;60
2339;100
2340;80
2341;20
2342;70
2343;100
2344;50
2345;60
2346;60
2347;20
2348;40
2349;40
2350;70
2351;80
2352;90
2353;100
2354;30
2355;40
2356;70
2357;40
2358;40
2359;50
2360;20
2361;50
2362;20
2363;0
2364;90
2365;50
2366;60
2367;0
2368;40
2369;70
2370;10
2371;0
2372;60
2373;60
2374;70
2375;30
2376;50
2377;100
2378;50
2379;10
2380;60
2381;100
2382;80
2383;10
2384;10
2385;40
2386;60
2387;50
2388;20
2389;50
2390;40
2391;50
2392;40
2393;50
2394;100
2395;70
2396;80
2397;40
2398;60
2399;10
2400;40
2401;50
2402;100
2403;10
2404;70
2405;80
2406;90
2407;40
2408;80
2409;40
2410;60
2411;60
2412;100
2413;40
2414;40
2415;50
2416;40
2417;60
2418;20
2419;0
2420;50
2421;50
2422;10
2423;20
2424;80
2425;50
2426;100
2427;90
2428;80
2429;60
2430;80
2431;70
2432;40
2433;20
2434;30
2435;40
2436;50
2437;50
2438;80
2439;50
2440;10
2441;10
2442;70
2443;50
2444;50
2445;80
2446;70
2447;80
2448;70
2449;30
2450;60
2451;40
2452;60
2453;70
2454;70
2455;50
2456;40
2457;40
2458;60
2459;50
2460;50
2461;10
2462;60
2463;50
2464;50
2465;20
2466;50
2467;50
2468;60
2469;20
2470;30
2471;70
2472;60
2473;60
2474;100
2475;90
2476;60
2477;40
2478;100
2479;10
2480;60
2481;80
2482;30
2483;90
2484;90
2485;60
2486;90
2487;30
2488;50
2489;70
2490;10
2491;40
2492;50
2493;100
2494;10
2495;70
2496;70
2497;40
2498;50
2499;50
2500;60
2501;60
2502;10
2503;80
2504;30
2505;90
2506;10
2507;50
2508;30
2509;60
2510;0
2511;60
2512;60
2513;100
2514;70
2515;60
2516;50
2517;10
2518;50
2519;40
2520;50
2521;50
2522;30
2523;60
2524;50
2525;60
2526;80
2527;20
2528;60
2529;40
2530;40
2531;80
2532;100
2533;80
2534;100
2535;70
2536;40
2537;30
2538;60
2539;40
2540;90
2541;70
2542;10
2543;50
2544;70
2545;80
2546;30
2547;30
2548;50
2549;50
2550;80
2551;100
2552;50
2553;30
2554;110
2555;70
2556;60
2557;40
2558;40
2559;30
2560;110
2561;100
2562;60
2563;30
2564;0
2565;50
2566;40
2567;30
2568;40
2569;80
2570;60
2571;50
2572;30
2573;50
2574;50
2575;70
2576;80
2577;50
2578;20
2579;50
2580;70
2581;100
2582;80
2583;90
2584;60
2585;60
2586;10
2587;20
2588;10
2589;60
2590;80
2591;10
2592;40
2593;100
2594;80
2595;30
2596;90
2597;60
2598;60
2599;30
2600;40
2601;40
2602;80
2603;90
2604;60
2605;50
2606;50
2607;90
2608;80
2609;30
2610;40
2611;10
2612;10
2613;50
2614;50
2615;70
2616;50
2617;90
2618;80
2619;30
2620;10
2621;20
2622;10
2623;50
2624;50
2625;60
2626;0
2627;20
2628;40
2629;10
2630;80
2631;10
2632;10
2633;70
2634;100
2635;50
2636;40
2637;40
2638;60
2639;70
2640;30
2641;50
2642;20
2643;40
2644;40
2645;40
2646;70
2647;50
2648;10
2649;110
2650;60
2651;20
2652;80
2653;100
2654;10
2655;60
2656;20
2657;10
2658;40
2659;60
2660;0
2661;10
2662;30
2663;30
2664;10
2665;40
2666;100
2667;10
2668;60
2669;20
2670;30
2671;10
2672;60
2673;0
2674;10
2675;20
2676;40
2677;30
2678;100
2679;50
2680;50
2681;90
2682;0
2683;100
2684;50
2685;70
2686;60
2687;10
2688;90
2689;90
2690;80
2691;50
2692;70
2693;60
2694;50
2695;100
2696;90
2697;60
2698;70
2699;80
2700;30
2701;80
2702;40
2703;60
2704;60
2705;30
2706;100
2707;50
2708;60
2709;70
2710;10
2711;10
2712;30
2713;30
2714;50
2715;50
2716;50
2717;100
2718;70
2719;90
2720;20
2721;0
2722;70
2723;80
2724;60
2725;60
2726;100
2727;20
2728;10
2729;30
2730;60
2731;40
2732;30
2733;60
2734;70
2735;80
2736;50
2737;30
2738;20
2739;30
2740;40
2741;60
2742;50
2743;90
2744;20
2745;60
2746;60
2747;20
2748;30
2749;90
2750;20
2751;60
2752;50
2753;90
2754;50
2755;60
2756;70
2757;80
2758;40
2759;70
2760;30
2761;70
2762;0
2763;60
2764;70
2765;60
2766;20
2767;20
2768;10
2769;60
2770;30
2771;80
2772;20
2773;40
2774;50
2775;50
2776;40
2777;50
2778;50
2779;80
2780;40
2781;50
2782;100
2783;10
2784;30
2785;30
2786;60
2787;20
2788;50
2789;50
2790;40
2791;50
2792;30
2793;50
2794;30
2795;60
2796;70
2797;100
2798;50
2799;70
2800;60
2801;10
2802;30
2803;20
2804;90
2805;30
2806;80
2807;20
2808;20
2809;10
2810;30
2811;0
2812;30
2813;90
2814;80
2815;100
2816;60
2817;90
2818;60
2819;50
2820;40
2821;90
2822;60
2823;70
2824;50
2825;40
2826;70
2827;70
2828;40
2829;60
2830;20
2831;70
2832;40
2833;60
2834;70
2835;20
2836;50
2837;50
2838;60
2839;50
2840;40
2841;80
2842;50
2843;50
2844;50
2845;40
2846;50
2847;50
2848;70
2849;40
2850;40
2851;50
2852;90
2853;50
2854;80
2855;60
2856;40
2857;30
2858;40
2859;60
2860;80
2861;60
2862;70
2863;50
2864;60
2865;50
2866;20
2867;50
2868;60
2869;20
2870;50
2871;70
2872;60
2873;30
2874;60
2875;20
2876;50
2877;60
2878;60
2879;70
2880;50
2881;60
2882;70
2883;70
2884;40
2885;60
2886;30
2887;70
2888;60
2889;80
2890;10
2891;60
2892;0
2893;100
2894;40
2895;10
2896;60
2897;10
2898;70
2899;90
2900;70
2901;70
2902;50
2903;30
2904;60
2905;40
2906;10
2907;40
2908;0
2909;40
2910;50
2911;50
2912;90
2913;80
2914;90
2915;40
2916;60
2917;60
2918;0
2919;40
2920;40
2921;10
2922;20
2923;50
2924;60
2925;90
2926;30
2927;60
2928;50
2929;100
2930;100
2931;40
2932;20
2933;20
2934;60
2935;0
2936;80
2937;90
2938;40
2939;50
2940;10
2941;60
2942;50
2943;50
2944;70
2945;50
2946;20
2947;90
2948;40
2949;20
2950;40
2951;30
2952;50
2953;40
2954;30
2955;80
2956;20
2957;50
2958;70
2959;40
2960;60
2961;30
2962;40
2963;60
2964;60
2965;50
2966;70
2967;50
2968;40
2969;50
2970;30
2971;60
2972;60
2973;40
2974;50
2975;40
2976;60
2977;20
2978;60
2979;30
2980;40
2981;60
2982;50
2983;50
2984;50
2985;50
2986;70
2987;60
2988;40
2989;50
2990;60
2991;50
2992;50
2993;20
2994;30
2995;60
2996;10
2997;30
2998;30
2999;60
3000;50
3001;60
3002;40
3003;40
3004;30
3005;60
3006;50
3007;60
3008;60
3009;0
3010;50
3011;70
3012;20
3013;50
3014;90
3015;30
3016;40
3017;70
3018;40
3019;70
3020;90
3021;60
3022;30
3023;90
3024;50
3025;10
3026;30
3027;40
3028;80
3029;50
3030;40
3031;90
3032;30
3033;30
3034;60
3035;40
3036;20
3037;70
3038;70
3039;0
3040;50
3041;60
3042;100
3043;70
3044;20
3045;60
3046;50
3047;40
3048;90
3049;100
3050;80
3051;70
3052;20
3053;0
3054;80
3055;60
3056;30
3057;70
3058;80
3059;70
3060;70
3061;80
3062;50
3063;70
3064;40
3065;0
3066;70
3067;100
3068;100
3069;40
3070;90
3071;80
3072;10
3073;60
3074;30
3075;50
3076;60
3077;50
3078;10
3079;30
3080;70
3081;100
3082;50
3083;30
3084;90
3085;70
3086;0
3087;50
3088;60
3089;30
3090;90
3091;20
3092;60
3093;90
3094;60
3095;30
3096;40
3097;40
3098;10
3099;50
3100;40
3101;50
3102;30
3103;90
3104;40
3105;40
3106;90
3107;40
3108;50
3109;40
3110;60
3111;40
3112;70
3113;50
3114;40
3115;20
3116;50
3117;60
3118;10
3119;20
3120;30
3121;20
3122;90
3123;30
3124;30
3125;70
3126;60
3127;90
3128;0
3129;20
3130;80
3131;80
3132;60
3133;0
3134;20
3135;0
3136;80
3137;40
3138;80
3139;0
3140;30
3141;50
3142;30
3143;10
3144;10
3145;60
3146;30
3147;60
3148;60
3149;0
3150;90
3151;60
3152;80
3153;20
3154;10
3155;40
3156;40
3157;40
3158;20
3159;100
3160;10
3161;60
3162;60
3163;60
3164;10
3165;80
3166;40
3167;90
3168;40
3169;40
3170;100
3171;40
3172;90
3173;70
3174;60
3175;90
3176;80
3177;80
3178;80
3179;100
3180;70
3181;50
3182;50
3183;20
3184;10
3185;20
3186;90
3187;10
3188;60
3189;40
3190;60
3191;50
3192;0
3193;30
3194;40
3195;60
3196;70
3197;60
3198;50
3199;10
3200;60
3201;90
3202;60
3203;80
3204;10
3205;50
3206;30
3207;100
3208;60
3209;10
3210;50
3211;50
3212;60
3213;60
3214;50
3215;50
3216;10
3217;50
3218;40
3219;50
3220;60
3221;50
3222;70
3223;40
3224;40
3225;60
3226;20
3227;40
3228;50
3229;60
3230;60
3231;70
3232;50
3233;60
3234;30
3235;40
3236;50
3237;40
3238;40
3239;50
3240;50
3241;60
3242;60
3243;50
3244;20
3245;40
3246;40
3247;60
3248;40
3249;40
3250;50
3251;50
3252;40
3253;40
3254;70
3255;70
3256;50
3257;50
3258;60
3259;30
3260;40
3261;50
3262;50
3263;40
3264;80
3265;50
3266;50
3267;50
3268;40
3269;50
3270;50
3271;50
3272;50
3273;40
3274;80
3275;40
3276;40
3277;60
3278;40
3279;50
3280;50
3281;30
3282;50
3283;50
3284;40
3285;60
3286;60
3287;80
3288;40
3289;50
3290;40
3291;70
3292;60
3293;40
3294;50
3295;60
3296;50
3297;80
3298;40
3299;30
3300;40
3301;50
3302;50
3303;60
3304;50
3305;30
3306;40
3307;50
3308;60
3309;70
3310;60
3311;40
3312;60
3313;60
3314;50
3315;40
3316;50
3317;40
3318;40
3319;60
3320;80
3321;60
3322;60
3323;60
3324;40
3325;50
3326;50
3327;50
3328;50
3329;40
3330;50
3331;40
3332;50
3333;50
3334;40
3335;50
3336;40
3337;60
3338;40
3339;50
3340;60
3341;60
3342;30
3343;50
3344;50
3345;50
3346;60
3347;60
3348;60
3349;60
3350;60
3351;40
3352;40
3353;40
3354;80
3355;40
3356;30
3357;40
3358;40
3359;60
3360;40
3361;60
3362;50
3363;40
3364;40
3365;50
3366;40
3367;40
3368;50
3369;40
3370;40
3371;40
3372;50
3373;80
3374;60
3375;50
3376;60
3377;60
3378;50
3379;50
3380;50
3381;50
3382;40
3383;70
3384;50
3385;30
3386;50
3387;40
3388;50
3389;40
3390;30
3391;50
3392;40
3393;70
3394;40
3395;60
3396;60
3397;50
3398;50
3399;60
3400;30
3401;50
3402;40
3403;60
3404;60
3405;50
3406;30
3407;60
3408;40
3409;60
3410;40
3411;40
3412;50
3413;70
3414;70
3415;40
3416;80
3417;50
3418;50
3419;60
3420;40
3421;40
3422;40
3423;40
3424;60
3425;60
3426;30
3427;40
3428;50
3429;50
3430;30
3431;60
3432;40
3433;50
3434;50
3435;60
3436;50
3437;60
3438;40
3439;50
3440;40
3441;40
3442;50
3443;40
3444;60
3445;50
3446;40
3447;60
3448;50
3449;40
3450;70
3451;40
3452;50
3453;20
3454;80
3455;40
3456;60
3457;60
3458;40
3459;50
3460;70
3461;40
3462;50
3463;40
3464;60
3465;40
3466;50
3467;50
3468;50
3469;30
3470;60
3471;60
3472;50
3473;50
3474;60
3475;50
3476;60
3477;50
3478;40
3479;1620
3480;30
3481;70
3482;40
3483;60
3484;70
3485;40
3486;60
3487;50
3488;80
3489;50
3490;40
3491;70
3492;60
3493;40
3494;50
3495;40
3496;50
3497;50
3498;40
3499;30
3500;20
3501;70
3502;60
3503;60
3504;60
3505;50
3506;40
3507;50
3508;30
3509;50
3510;50
3511;50
3512;30
3513;60
3514;40
3515;50
3516;40
3517;40
3518;40
3519;40
3520;60
3521;80
3522;40
3523;50
3524;60
3525;50
3526;40
3527;60
3528;50
3529;50
3530;40
3531;40
3532;60
3533;60
3534;60
3535;30
3536;40
3537;60
3538;40
3539;30
3540;30
3541;50
3542;40
3543;50
3544;40
3545;50
3546;50
3547;60
3548;60
3549;60
3550;40
3551;50
3552;60
3553;40
3554;40
3555;60
3556;70
3557;60
3558;40
3559;30
3560;30
3561;40
3562;40
3563;70
3564;30
3565;50
3566;50
3567;70
3568;50
3569;50
3570;50
3571;30
3572;40
3573;40
3574;40
3575;80
3576;40
3577;40
3578;50
3579;60
3580;40
3581;30
3582;50
3583;60
3584;50
3585;40
3586;70
3587;40
3588;40
3589;30
3590;30
3591;50
3592;70
3593;70
3594;60
3595;50
3596;40
3597;60
3598;30
3599;70
3600;100
3601;10
3602;50
3603;40
3604;70
3605;70
3606;50
3607;50
3608;30
3609;60
3610;70
3611;50
3612;70
3613;70
3614;50
3615;100
3616;50
3617;90
3618;40
3619;80
3620;40
3621;50
3622;60
3623;60
3624;70
3625;80
3626;90
3627;50
3628;40
3629;80
3630;40
3631;50
3632;60
3633;90
3634;80
3635;60
3636;60
3637;40
3638;110
3639;90
3640;40
3641;60
3642;40
3643;60
3644;60
3645;60
3646;50
3647;50
3648;50
3649;50
3650;50
3651;40
3652;50
3653;30
3654;60
3655;50
3656;60
3657;40
3658;60
3659;50
3660;40
3661;30
3662;50
3663;50
3664;40
3665;50
3666;40
3667;50
3668;60
3669;50
3670;60
3671;50
3672;40
3673;60
3674;30
3675;80
3676;70
3677;60
3678;80
3679;50
3680;20
3681;60
3682;30
3683;40
3684;60
3685;40
3686;30
3687;100
3688;10
3689;50
3690;60
3691;100
3692;100
3693;90
3694;80
3695;70
3696;100
3697;50
3698;60
3699;10
3700;60
3701;70
3702;60
3703;0
3704;60
3705;60
3706;70
3707;60
3708;30
3709;50
3710;20
3711;90
3712;90
3713;90
3714;20
3715;60
3716;0
3717;20
3718;40
3719;60
3720;10
3721;60
3722;40
3723;60
3724;100
3725;70
3726;80
3727;90
3728;60
3729;90
3730;20
3731;20
3732;20
3733;80
3734;90
3735;110
3736;100
3737;20
3738;70
3739;100
3740;90
3741;60
3742;50
3743;0
3744;90
3745;40
3746;10
3747;30
3748;90
3749;100
3750;30
3751;10
3752;60
3753;0
3754;60
3755;50
3756;10
3757;80
3758;40
3759;100
3760;80
3761;110
3762;40
3763;80
3764;50
3765;70
3766;30
3767;100
3768;90
3769;20
3770;60
3771;50
3772;90
3773;10
3774;80
3775;90
3776;90
3777;20
3778;30
3779;30
3780;10
3781;0
3782;40
3783;60
3784;60
3785;30
3786;40
3787;100
3788;40
3789;30
3790;20
3791;100
3792;70
3793;40
3794;0
3795;60
3796;100
3797;100
3798;30
3799;30
3800;70
3801;80
3802;70
3803;70
3804;70
3805;60
3806;10
3807;40
3808;50
3809;60
3810;70
3811;60
3812;80
3813;50
3814;100
3815;30
3816;30
3817;40
3818;60
3819;70
3820;70
3821;40
3822;20
3823;0
3824;20
3825;30
3826;70
3827;80
3828;80
3829;20
3830;60
3831;80
3832;90
3833;30
3834;20
3835;40
3836;10
3837;70
3838;60
3839;0
3840;0
3841;50
3842;60
3843;20
3844;60
3845;10
3846;80
3847;50
3848;80
3849;70
3850;60
3851;70
3852;100
3853;60
3854;70
3855;40
3856;50
3857;30
3858;0
3859;70
3860;60
3861;10
3862;20
3863;60
3864;10
3865;90
3866;50
3867;40
3868;60
3869;50
3870;90
3871;60
3872;60
3873;20
3874;50
3875;90
3876;60
3877;80
3878;90
3879;40
3880;0
3881;100
3882;20
3883;40
3884;70
3885;80
3886;0
3887;50
3888;30
3889;90
3890;40
3891;10
3892;100
3893;40
3894;90
3895;30
3896;60
3897;60
3898;70
3899;50
3900;40
3901;60
3902;70
3903;40
3904;0
3905;60
3906;10
3907;50
3908;50
3909;0
3910;30
3911;60
3912;40
3913;40
3914;80
3915;50
3916;90
3917;60
3918;50
3919;0
3920;40
3921;70
3922;20
3923;40
3924;10
3925;0
3926;50
3927;20
3928;60
3929;10
3930;70
3931;70
3932;50
3933;50
3934;80
3935;10
3936;50
3937;70
3938;50
3939;110
3940;20
3941;30
3942;20
3943;50
3944;60
3945;40
3946;90
3947;40
3948;20
3949;100
3950;70
3951;80
3952;90
3953;50
3954;0
3955;60
3956;0
3957;60
3958;90
3959;30
3960;60
3961;60
3962;10
3963;90
3964;0
3965;60
3966;30
3967;30
3968;50
3969;100
3970;40
3971;70
3972;30
3973;10
3974;0
3975;100
3976;60
3977;0
3978;80
3979;60
3980;60
3981;20
3982;80
3983;110
3984;40
3985;10
3986;80
3987;80
3988;70
3989;50
3990;90
3991;80
3992;90
3993;10
3994;90
3995;10
3996;50
3997;90
3998;60
3999;10
4000;60
4001;70
4002;90
4003;40
4004;100
4005;50
4006;80
4007;30
4008;50
4009;40
4010;60
4011;20
4012;30
4013;90
4014;10
4015;10
4016;90
4017;80
4018;70
4019;80
4020;50
4021;40
4022;30
4023;80
4024;20
4025;50
4026;40
4027;90
4028;50
4029;80
4030;40
4031;40
4032;40
4033;40
4034;60
4035;100
4036;90
4037;0
4038;10
4039;10
4040;90
4041;10
4042;30
4043;20
4044;70
4045;80
4046;10
4047;60
4048;50
4049;90
4050;10
4051;90
4052;10
4053;60
4054;90
4055;40
4056;40
4057;40
4058;10
4059;40
4060;60
4061;40
4062;100
4063;70
4064;30
4065;0
4066;70
4067;60
4068;100
4069;90
4070;0
4071;10
4072;100
4073;80
4074;60
4075;30
4076;70
4077;70
4078;100
4079;80
4080;50
4081;70
4082;10
4083;60
4084;100
4085;20
4086;100
4087;50
4088;30
4089;80
4090;60
4091;90
4092;80
4093;90
4094;100
4095;30
4096;2430
